116
117
156
163
158
159
161
162
135
133
132
118
121
120
89
95
92
97
90
216
219
218
217
164
166
181
174
168
170
173
171
169
86
81
83
84
88
46
38
47
37
42
43
44
40
45
78
79
80
48
49
52
51
50
58
54
56
53
147
148
145
154
155
150
149
151
884
152
122
123
127
130
129
126
201
199
203
202
192
189
185
191
188
187
186
190
194
196
198
213
214
27
28
29
77
72
75
226
237
241
234
235
233
231
230
232
229
243
238
239
244
206
207
208
210
212
31
32
34
36
222
221
225
65
66
69
59
60
62
64
68
71
138
140
142
105
110
111
106
103
109
108
104
107
99
100
143
98
